.1094
.1094
.1094
.1094
.1094
.0938
.0938
.0938
.1094
.1094
.1094
.1094
.1094
.1094
.1094
.1094
.1094
.1094
.1094
.1094
.1094
.1094
.1094
.1094
.1094
.1094
.1094
.1094
.125
.125
.125
.125
.125
.125
.125
.1094
.125
.125
.125
.125
.125
.125
.125
.125
.125
.125
.1094
.1094
.1094
.1094
.125
.125
.125
.125
.125
.125
.125
.125
.125
.125
.125
.125
.1094
.1094
.1094
.125
.1094
.1094
.1094
.125
.1094
.1094
.1094
.1094
.1094
.1094
.1094
.1094
.1094
.1094
.1094
.1094
.1094
.1094
.1094
.1094
.1094
.1094
.1094
.1094
.1094
.1094
.1094
.1094
.1094
.1094
.1094
.1094
.1094
.1094
.1094
.1094
.1094
.1094
.1094
.1094
.1094
.1094
.1094
.1094
.1094
.1094
.1094
.1094
.1094
.1094
.1094
.1094
.1094
.0938
.1094
.1094
.1094
.1094
.1094
.1094
.1094
.1094
.1094
.1094
.1094
.1094
.1094
.1094
.1094
.1094
.1094
.1094
.1094
.1094
.1094
.1094
.1094
.1094
.125
.125
.125
.125
.125
.125
.125
.125
.1406
.1406
.1406
.1406
.1406
.1406
.1406
.1406
.1406
.1406
.1406
.1563
.1563
.1563
.1563
.1563
.1563
.1563
.1563
.1563
.1563
.1406
.1563
.1719
.1719
.1875
.1875
.1875
.1875
.1719
.1719
.1719
.1719
.1719
.1719
.1719
.1719
.1719
.1719
.1719
.1719
.1719
.1719
.1719
.1719
.1719
.1719
.1719
.1719
.1719
.1719
.1719
.1875
.1875
.1875
.2031
.2031
.2188
.2188
.2188
.2344
.2188
.2344
.2344
.25
.2656
.2344
.25
.25
.25
.25
.2656
.2656
.25
.25
.25
.25
.25
.25
.25
.2813
.2656
.2656
.25
.25
.25
.2656
.2656
.2656
.2813
.2813
.2656
.2656
.2813
.2969
.2969
.2969
.2969
.2969
.3125
.2969
.2969
.2969
.3125
.3281
.3281
.3125
.3281
.3125
.3125
.3281
.3438
.3438
.3281
.3438
.3594
.3594
.3281
.3438
.3438
.3438
.3281
.3281
.3438
.3438
.3438
.3438
.3438
.3438
.3438
.3438
.375
.3594
.375
.375
.375
.4063
.4063
.4219
.4531
.4375
.4219
.4375
.4375
.4219
.4063
.3906
.3906
.3906
.3906
.3906
.3906
.4063
.4063
.4063
.3906
.4063
.3906
.3906
.3906
.3906
.3594
.3438
.3438
.3438
.3594
.375
.375
.375
.375
.3594
.375
.375
.375
.375
.3594
.3594
.3594
.3438
.3281
.3281
.3438
.3438
.3594
.375
.3594
.3594
.3594
.3594
.3594
.3594
.3438
.3438
.3594
.3594
.3594
.3438
.3281
.3281
.3281
.3438
.3594
.3594
.3594
.3594
.3594
.3594
.3594
.375
.3594
.3594
.375
.375
.3906
.4063
.4063
.4063
.4219
.4219
.4063
.4063
.4063
.3906
.3906
.4063
.4063
.4063
.4219
.4219
.4063
.4063
.4063
.375
.4063
.4219
.4375
.4375
.4531
.4531
.4688
.4844
.5156
.5625
.5156
.5156
.5
.5
.5
.5156
.5
.5
.4531
.3281
.3438
.4063
.375
.3438
.2813
.2969
.2969
.3438
.3594
.3594
.3438
.3438
.3594
.3438
.3281
.3281
.3438
.3594
.3438
.3438
.3281
.3438
.3281
.3438
.3438
.3438
.3281
.3281
.3125
.3125
.3125
.2813
.2969
.3125
.3438
.3281
.3438
.3438
.3594
.3594
.3906
.375
.375
.3594
.375
.375
.375
.3594
.3906
.3906
.3906
.3906
.4063
.4063
.4219
.3906
.4063
.4063
.4063
.3906
.4063
.4063
.4063
.375
.3906
.375
.3906
.3906
.3906
.4063
.3906
.3906
.3906
.375
.3594
.3594
.3594
.375
.375
.3906
.3906
.4063
.4063
.4063
.4219
.4219
.4219
.4219
.4063
.4063
.4219
.4219
.4219
.4375
.4219
.4375
.4531
.4531
.4375
.4375
.4531
.4375
.4531
.4531
.4063
.4219
.4219
.4219
.4063
.3906
.4063
.4063
.3906
.4063
.3906
.3906
.4063
.4063
.4063
.4063
.3906
.4063
.375
.3906
.3906
.3906
.3906
.3906
.3906
.3906
.3906
.3906
.3906
.3906
.3906
.4063
.4063
.4063
.4063
.4063
.4063
.3906
.3906
.4063
.4063
.4063
.4063
.4063
.3906
.3906
.4063
.3906
.3906
.3906
.4063
.4219
.4219
.4219
.4219
.4375
.4375
.4375
.4375
.4375
.4375
.4531
.4531
.4375
.4375
.4531
.4688
.4688
.4531
.4531
.4688
.4688
.4688
.4844
.4844
.4844
.4844
.4844
.4688
.4688
.4688
.4688
.4688
.4688
.4688
.4531
.4375
.4375
.4219
.4063
.4063
.4063
.4219
.4063
.4063
.3906
.3906
.375
.375
.3594
.3594
.3594
.375
.3594
.375
.375
.375
.3594
.3438
.3438
.3594
.3594
.3594
.375
.3594
.3594
.3438
.3594
.375
.3594
.375
.375
.375
.375
.375
.375
.375
.3594
.375
.375
.3906
.375
.375
.375
.375
.375
.375
.3594
.3594
.3594
.3594
.3594
.3438
.3594
.3594
.3594
.3594
.375
.375
.375
.375
.375
.375
.3594
.3594
.3438
.3438
.3438
.3438
.3281
.3281
.3281
.3281
.3438
.3594
.3438
.3438
.3438
.3281
.3281
.3281
.3281
.3281
.3281
.3281
.3281
.3281
.3438
.3281
.3438
.3594
.3438
.3594
.3438
.3438
.3438
.3438
.3438
.3438
.3438
.3594
.3594
.3594
.375
.375
.375
.3594
.375
.375
.375
.375
.3906
.375
.375
.375
.375
.375
.375
.375
.375
.3594
.3594
.375
.3906
.375
.375
.375
.3906
.3906
.4063
.4219
.4219
.4375
.4375
.4219
.4375
.4375
.4531
.4375
.4375
.4219
.4375
.4375
.4375
.4375
.4219
.4219
.4219
.4219
.4219
.4219
.4219
.4375
.4375
.375
.375
.3594
.3594
.375
.375
.3594
.3594
.3281
.3281
.3594
.3438
.3594
.3594
.3594
.3438
.3594
.3594
.3594
.3594
.3594
.3594
.3594
.3594
.3594
.3438
.3438
.3594
.3594
.375
.3906
.3906
.3906
.3906
.3906
.375
.3906
.3906
.3906
.375
.375
.375
.375
.3594
.375
.375
.375
.3906
.3906
.3906
.4063
.4063
.4063
.4219
.4063
.4063
.4063
.4219
.4219
.4219
.4219
.4063
.4063
.4063
.4219
.4219
.4219
.4219
.4063
.4063
.4063
.4063
.4063
.3906
.3906
.3906
.3906
.3906
.375
.375
.375
.375
.3906
.3906
.375
.375
.3906
.375
.375
.375
.375
.375
.375
.3906
.375
.3906
.3906
.375
.375
.375
.3906
.3906
.3906
.3906
.3906
.4063
.4063
.4219
.4219
.4063
.4063
.4063
.4063
.3906
.4063
.4063
.3906
.4063
.4219
.4219
.4219
.4219
.4063
.4219
.4219
.4219
.4219
.4219
.4063
.4219
.4219
.4219
.4375
.4531
.4375
.4531
.4375
.4531
.4688
.4688
.4688
.4688
.4688
.4844
.4844
.4844
.4844
.5313
.5625
.5625
.5781
.5781
.5625
.5469
.5156
.5313
.5469
.5625
.5938
.5938
.5781
.5625
.5625
.5469
.5469
.5625
.5781
.5781
.5313
.5469
.5469
.5625
.5938
.5938
.5938
.625
.6094
.625
.6094
.6094
.6094
.625
.625
.6094
.6094
.6094
.5938
.6094
.5938
.6094
.6094
.5938
.5938
.5938
.5781
.5781
.5625
.5469
.5469
.5469
.5625
.5781
.5938
.6094
.5938
.6094
.5938
.6094
.625
.625
.6406
.625
.6406
.6406
.625
.6094
.6094
.6094
.625
.6094
.6719
.6563
.6406
.625
.6406
.6406
.6406
.6406
.6406
.6563
.6563
.6563
.6563
.6563
.6563
.6563
.6563
.6719
.6719
.6719
.6875
.6875
.7031
.6719
.6719
.6875
.7031
.6875
.6875
.7031
.7344
.7344
.7344
.7188
.75
.75
.7656
.75
.75
.7813
.7969
.8125
.7969
.7969
.7813
.7656
.7813
.7969
.7813
.7813
.7813
.7813
.8125
.8125
.7969
.7969
.7969
.8281
.8438
.8438
.8438
.875
.8438
.8281
.8281
.8281
.8125
.8125
.7969
.7813
.8125
.7969
.8125
.8281
.8594
.8906
.875
.875
.9063
.9219
.9219
.9063
.9063
.9063
.9531
.9844
1
1.0625
1.0625
1.0313
1.0469
1.0625
1.0156
1.0469
1.0781
1.0313
1.0156
1
1.0313
1.0469
1.0625
1.0781
1.0625
1.0625
1.0469
1.0469
1.0781
1.0781
1.0625
1.0469
1.0469
1.0625
1.0625
1.0625
1.0313
1
1.0156
1.0313
1.0313
1.0313
1.0625
1.0781
1.0938
1.1094
1.0938
1.0625
1.0781
1.0313
1
.9688
1
.9688
.9688
.9531
.9375
.9375
.9219
.8906
.8438
.8594
.8906
.9063
.9063
.9063
.9063
.9063
.8594
.8438
.7813
.7656
.75
.7188
.7969
.8438
.875
.8438
.8438
.8594
.875
.8281
.8125
.8125
.7813
.7813
.7969
.8125
.8438
.8438
.8594
.875
.8438
.8438
.8125
.8438
.8438
.8281
.875
.9375
.9219
.9219
.8906
.9063
.9219
.875
.8281
.8125
.7969
.7969
.7656
.7969
.8594
.875
.8906
.9063
.9219
.9063
.8906
.875
.8906
.8906
.8906
.9063
.9219
.9063
.8906
.8906
.9063
.9688
.9531
.9688
.9531
.9531
.9688
.9531
.9688
.9688
.9844
1
.9844
1
1.0156
1.0313
1.0469
1.0469
1.0469
1.0313
1.0313
1.0156
1.0156
1.0156
1.0313
1.0313
1.0469
1.0469
1.0625
1.0625
1.0469
1.0469
1.0469
1.0469
1.0469
1.0469
1.0469
1.0625
1.0469
1.0313
1.0313
1.0938
1.0938
1.0781
1.0938
1.1563
1.1719
1.1875
1.25
1.2344
1.25
1.2656
1.25
1.2813
1.2969
1.3438
1.375
1.3906
1.3906
1.4063
1.4688
1.4375
1.4531
1.4531
1.4375
1.4688
1.4063
1.4375
1.4375
1.4375
1.3906
1.4219
1.4375
1.4219
1.4688
1.4531
1.4688
1.5
1.5625
1.5
1.4531
1.4375
1.3906
1.3438
1.4063
1.375
1.3438
1.3906
1.375
1.375
1.3281
1.3125
1.375
1.4688
1.5
1.4844
1.4844
1.5625
1.5938
1.5938
1.5313
1.5469
1.5313
1.5
1.5469
1.5
1.5938
1.5625
1.5625
1.5313
1.5
1.4219
1.4219
1.4375
1.4063
1.4063
1.3594
1.375
1.4063
1.4063
1.4063
1.4375
1.4063
1.4375
1.4688
1.4375
1.4375
1.4063
1.375
1.3906
1.3906
1.3906
1.4219
1.4844
1.5313
1.5313
1.5469
1.5313
1.5469
1.5313
1.5625
1.5781
1.5625
1.5469
1.5313
1.5469
1.5469
1.5469
1.5469
1.5781
1.5781
1.5625
1.4375
1.4063
1.4219
1.375
1.375
1.4063
1.4219
1.4219
1.5
1.4219
1.3438
1.2969
1.4063
1.4219
1.3594
1.3906
1.4219
1.4688
1.4063
1.4219
1.4063
1.4219
1.4063
1.3906
1.375
1.375
1.4844
1.4688
1.5156
1.5313
1.5313
1.5313
1.5156
1.5625
1.5938
1.6563
1.6875
1.7344
1.7188
1.7188
1.7031
1.7031
1.6719
1.6875
1.75
1.75
1.7813
1.7813
1.7656
1.7969
1.7969
1.7813
1.7344
1.7344
1.6875
1.6875
1.6875
1.6719
1.7188
1.7969
1.7344
1.7344
1.7656
1.7656
1.7969
1.8125
1.7813
1.8438
1.8281
1.8594
1.8438
1.8594
1.8594
1.8125
1.8281
1.8438
1.8438
1.8594
1.875
1.875
1.875
1.9219
1.9063
1.8906
1.8594
1.875
1.9063
1.9063
1.8906
1.8906
1.875
1.8906
1.8906
1.9688
1.9688
1.9375
1.9063
1.9531
1.9844
1.9844
1.9844
2.0313
2.0938
2.1094
2.0781
1.9844
2.0313
2.0156
2.0156
2.0313
2
2
1.9688
1.9844
2.0313
2.1094
2.125
2.125
2.125
2.1719
2.125
2.125
2.1094
2.125
2.125
2.1406
2.125
2.1563
2.1563
2.1563
2.2344
2.2188
2.25
2.3125
2.3125
2.3281
2.375
2.3594
2.4375
2.5
2.5938
2.6563
2.6094
2.6563
2.6719
2.75
2.6719
2.6406
2.5625
2.5
2.625
2.6094
2.6094
2.5156
2.5156
2.5938
2.5781
2.5156
2.6094
2.5938
2.6563
2.6406
2.625
2.5938
2.5625
2.625
2.5625
2.4688
2.4688
2.4063
2.4531
2.3906
2.4063
2.4219
2.5469
2.6094
2.5781
2.5625
2.5781
2.5625
2.5313
2.4688
2.4844
2.5469
2.5156
2.5313
2.5313
2.5938
2.6719
2.6406
2.6563
2.6875
2.6875
2.6563
2.6875
2.6094
2.5313
2.5
2.4688
2.5156
2.4375
2.4531
2.5313
2.4219
2.4531
2.5
2.4219
2.4531
2.4375
2.6875
2.6719
2.4688
2.4219
2.4531
2.4219
2.3438
2.3594
2.2813
2.3281
2.2969
2.375
2.375
2.4375
2.4219
2.4063
2.3906
2.375
2.3906
2.3594
2.3125
2.2969
2.3594
2.3906
2.4375
2.4375
2.4219
2.4063
2.4063
2.4844
2.5313
2.5938
2.5625
2.5625
2.5625
2.5313
2.4688
2.4063
2.3438
2.25
2.3438
2.375
2.2813
2.2656
2.2656
2.2969
2.3281
2.2969
2.2656
2.1875
2.0938
2.2656
2.1875
2.2656
2.1875
2.1719
2.125
2.1563
2.1563
2.1719
2.1875
2.2344
2.2344
2.2656
2.2031
2.1719
2.25
2.1875
2.2188
2.2813
2.2813
2.3125
2.3125
2.2969
2.2813
2.3125
2.3125
2.25
2.2344
2.2188
2.2188
2.2344
2.2188
2.2188
2.2188
2.1719
2.1719
2.1719
2.2031
2.1875
2.1563
2.2031
2.25
2.3125
2.3281
2.3281
2.3281
2.3594
2.4063
2.375
2.4063
2.4531
2.4688
2.4688
2.5625
2.5469
2.5156
2.5469
2.5
2.4844
2.4375
2.4844
2.5156
2.4688
2.4063
2.4688
2.5156
2.5
2.4688
2.5625
2.5781
2.5469
2.6094
2.5781
2.625
2.6406
2.6094
2.6406
2.6719
2.75
2.75
2.8125
2.8125
2.7813
2.8125
2.75
2.7656
2.8125
2.7813
2.8125
2.7656
2.7656
2.875
2.9063
2.875
2.9063
2.9375
2.9219
2.9219
2.9063
2.8125
2.875
2.9375
2.9688
2.7656
2.8594
2.8594
2.875
2.9219
2.9219
2.8438
2.875
2.875
2.9219
2.8906
2.875
2.7813
2.7031
2.7344
2.7031
2.7188
2.8125
2.8125
2.8281
2.75
2.7344
2.7344
2.7344
2.7031
2.6875
2.6719
2.6719
2.7031
2.7813
2.7344
2.7344
2.7969
2.8125
2.8594
2.8594
2.8125
2.7969
2.7656
2.7656
2.7969
2.7969
2.7656
2.75
2.7031
2.7188
2.7031
2.7344
2.7969
2.7656
2.6563
2.7813
2.6875
2.625
2.6719
2.6719
2.625
2.5156
2.5156
2.5625
2.5
2.4063
2.4844
2.625
2.6406
2.6094
2.5469
2.6563
2.6563
2.625
2.5938
2.625
2.6406
2.6563
2.7031
2.7813
2.75
2.75
2.6719
2.6719
2.6406
2.6094
2.6094
2.7031
2.7344
2.7188
2.7188
2.8438
2.8906
2.9063
2.8125
2.8594
2.8125
2.8281
2.7813
2.8281
2.7813
2.7813
2.7344
2.7188
2.7188
2.7188
2.6563
2.6094
2.5469
2.5156
2.5781
2.6875
2.6719
2.6719
2.7031
2.75
2.7969
2.7344
2.7188
2.7969
2.75
2.7031
2.6875
2.6719
2.7031
2.7656
2.8906
2.9531
2.8906
2.8906
2.8594
2.9844
2.9531
2.9063
3.0156
3
2.9688
2.9375
2.9219
2.8906
2.8438
2.8594
2.7969
2.8906
2.8906
2.8594
2.8438
2.7344
2.7813
2.75
2.7813
2.7656
2.7656
2.8281
2.7813
2.75
2.7344
2.7344
2.6875
2.6094
2.6563
2.6563
2.625
2.5938
2.6406
2.6094
2.5469
2.4688
2.5156
2.4688
2.4375
2.4375
2.4531
2.3594
2.4531
2.4688
2.3125
2.2813
2.2813
2.2813
2.3438
2.2969
2.2813
2.2188
2.2656
2.3125
2.3594
2.4375
2.4219
2.4219
2.3281
2.3906
2.4063
2.375
2.3281
2.2656
2.25
2.2813
2.3594
2.4063
2.4063
2.375
2.3438
2.3281
2.3906
2.4375
2.3906
2.3594
2.3906
2.375
2.375
2.375
2.375
2.4219
2.4688
2.5
2.5781
2.625
2.5938
2.5781
2.5625
2.5938
2.6094
2.6563
2.6406
2.6406
2.625
2.6406
2.6094
2.5781
2.5313
2.5938
2.5156
2.5313
2.4844
2.5156
2.5156
2.4844
2.5
2.4688
2.5156
2.5313
2.5156
2.4531
2.3906
2.4688
2.4531
2.4531
2.5469
2.5625
2.5625
2.5156
2.5781
2.5313
2.5156
2.5156
2.4063
2.4219
2.4688
2.4688
2.4844
2.5
2.5469
2.5938
2.6875
2.6563
2.6719
2.6094
2.5469
2.5625
2.5469
2.5
2.5
2.5
2.5156
2.5625
2.5781
2.5469
2.5313
2.5156
2.5938
2.5469
2.5469
2.5313
2.5156
2.5156
2.5781
2.6563
2.6719
2.6875
2.6719
2.6719
2.6719
2.6875
2.6563
2.6563
2.6094
2.7031
2.7031
2.6719
2.6719
2.6406
2.6406
2.6563
2.6719
2.6719
2.625
2.6406
2.5469
2.5313
2.4688
2.5
2.4844
2.4688
2.4844
2.5
2.4688
2.4688
2.5
2.4844
2.5313
2.5
2.5313
2.5781
2.6094
2.5938
2.5313
2.5313
2.5469
2.5313
2.5313
2.5313
2.5625
2.625
2.6563
2.6563
2.6406
2.6563
2.6094
2.6563
2.7031
2.7344
2.7344
2.7031
2.5781
2.625
2.6563
2.6406
2.75
2.7813
2.8125
2.7188
2.7188
2.6563
2.6563
2.6406
2.6563
2.5938
2.7656
2.7969
2.8594
2.875
2.9375
2.9688
2.8906
2.8906
2.9844
2.9219
2.9844
2.9531
2.8906
2.8906
2.9375
2.9219
2.9531
3.0156
2.9688
2.9688
3.0469
3.0781
3.0625
3.1719
3.2031
3.2813
3.25
3.2813
3.3594
3.3125
3.2656
3.3125
3.4219
3.3594
3.25
3.2813
3.2969
3.3125
3.3594
3.4063
3.3594
3.3125
3.3438
3.2969
3.2188
3.1406
3.0938
3.25
3.2188
3.2188
3.2344
3.1406
3.0781
3.0313
3.1563
3.0938
3.0313
3
3.0938
3.0469
3.0469
3.1563
3.1406
3.0313
2.9844
3.1719
3.2031
3.1563
3.0938
3.0938
3.2344
3.3438
3.3125
3.3438
3.2969
3.2813
3.3281
3.3438
3.3906
3.4688
3.4531
3.4063
3.4375
3.5
3.4688
3.4375
3.4219
3.4844
3.4844
3.5156
3.5625
3.5781
3.6563
3.6406
3.5156
3.5
3.5156
3.5625
3.625
3.5625
3.5156
3.6094
3.6094
3.6563
3.5625
3.5625
3.5
3.5781
3.5625
3.5
3.4844
3.5313
3.5781
3.5313
3.5156
3.5
3.4375
3.4844
3.4063
3.4063
3.4375
3.5
3.5313
3.5938
3.5
3.4531
3.5469
3.6094
3.7344
3.7188
3.6875
3.7344
3.8281
3.8594
3.8906
3.9375
3.9219
3.9375
3.9219
3.8438
3.875
3.9844
3.9844
3.9844
3.8906
4.0313
4.0469
4.0469
4.0156
4.0156
3.9688
3.875
3.8438
3.8906
3.9688
4.0156
3.9375
3.9219
3.9531
3.9688
3.9688
3.9375
3.9063
3.9531
3.9531
3.9219
3.9531
3.9844
3.9688
3.9219
3.75
3.8438
3.7969
3.8125
3.7969
3.8125
3.875
3.8281
3.7656
3.7969
3.7344
3.7969
3.7656
3.8281
3.8438
3.8281
3.9219
4.0156
4.0469
4.0781
3.9688
3.8594
3.9375
3.8906
3.875
3.75
3.75
3.6875
3.7188
3.7031
3.6875
3.7656
3.8125
3.8125
3.875
3.875
3.875
3.875
3.875
3.8125
3.8125
3.7813
3.7344
3.8438
3.8594
3.8281
3.875
3.9531
3.9688
3.9844
3.9844
4.0313
4.0938
4.2813
4.25
4.2969
4.3281
4.5
4.4063
4.3906
4.375
4.4531
4.4063
4.4375
4.5625
4.625
4.5625
4.6094
4.5156
4.5156
4.4531
4.375
4.375
4.4219
4.375
4.3594
4.4375
4.5156
4.4844
4.5313
4.8438
4.7969
4.7656
4.7031
4.6875
4.875
5.0156
4.9844
4.9219
5.125
5.1406
4.9844
5.0625
5.0938
5
5
5
4.9531
5.0938
5.0469
5.0938
5.3125
5.375
5.2969
5.3438
5.4688
5.5313
5.4688
5.5938
5.4688
5.1875
5.2969
5.2656
5.2031
5.3125
5.2031
5.2656
5.2656
5.3125
5.2344
5.25
5.25
5.3125
5.4375
5.625
5.7188
5.6563
5.75
5.7031
5.6094
5.4375
5.5
5.5938
5.6563
5.6875
5.6719
5.8125
5.9844
6.1875
6.0313
6.25
6.2656
6.4844
6.8125
6.375
5.9063
6.0156
5.75
5.8594
6.0313
6
6.0313
5.7969
5.6563
5.5938
5.5625
5.7031
5.875
5.8594
5.8438
6.0313
5.8906
6.0313
6.1875
6.1563
6.1875
6.2031
6.0781
5.9063
6.2188
6.125
6.0156
5.9063
5.6406
5.75
5.8438
5.7813
5.6094
5.9531
5.8438
5.9219
5.9688
6.1094
6.0156
6.0156
5.9375
5.8438
5.75
5.8438
5.8281
5.6719
5.6094
5.6406
5.5156
5.5469
5.7188
5.6563
5.5156
5.5625
5.3906
5.4688
5.375
5.2031
5.2344
5.4219
5.4844
5.3906
5.4219
5.7031
5.9844
6.0469
5.9688
6.0313
6.1094
6
6.125
6.25
6.4219
6.25
6.1563
6.2656
6.2188
6.0938
5.8125
5.9688
6.1875
6.0625
6.0313
5.875
5.875
5.625
5.4688
5.375
5.5156
5.4688
5.5156
5.4531
5.7188
5.6094
5.4531
5.3906
5.5
5.375
5.6719
5.6563
5.9219
5.8281
5.7188
5.75
5.5469
5.5313
5.4375
5.6875
5.4531
5.625
5.6719
5.6406
5.5625
5.4688
5.4844
5.625
5.4375
5.4688
5.4063
5.3906
5.0156
5.1563
5.4219
5.3594
5.1563
5.4063
5.3125
5.4844
5.75
5.7656
5.5938
5.7188
5.5938
5.6719
5.6563
5.6875
5.7813
5.8906
5.8125
6.0781
6.0313
6.0625
6.1875
6.2656
6.2188
6.2344
6.1719
6.1563
6.125
6.1094
6.25
6.4063
6.4844
6.2969
6.2656
6.2656
6.1719
5.9688
6.0156
6.1406
6.0625
6.0938
5.9531
6.0469
5.9844
6.3125
6.2344
6.4063
6.5938
6.6875
6.5469
6.2969
6.3281
6.25
6.4375
6.4063
6.4063
6.4531
6.4219
6.5469
6.5469
6.5313
6.4844
6.3594
6.3594
6.3281
6.3281
6.4844
6.5781
6.625
6.8125
6.8594
7.0469
7.0469
6.9688
7.0469
7.0938
7.0469
7.0938
7.2031
6.9844
6.9375
6.9844
7.0781
7.1563
7.0938
7.1875
7.4219
7.4375
7.3594
7.3281
7.3125
7.2969
7.2031
7.3125
7.4219
7.4063
7.3281
7.3281
7.3906
7.4219
7.4063
7.375
7.5625
7.5
7.5938
7.5469
7.6406
7.8281
7.7969
7.6875
7.7969
7.6563
7.6094
7.6094
7.75
7.7656
7.625
7.5313
7.5
7.5156
7.6563
7.6094
7.5781
7.4063
7.5313
7.5
7.4688
7.1563
7.0313
6.9219
7.2188
7.3281
7.5
7.5625
7.4844
7.0156
7.1719
7.4063
7.4531
7.3125
7.4219
7.375
7.5469
7.7188
7.6094
7.7656
7.8125
7.8438
7.7813
7.8281
7.7188
7.8125
7.8281
7.7656
7.7188
7.7188
7.7188
7.8281
7.7031
7.6875
7.8125
7.8594
7.7656
7.6563
7.7188
7.7188
7.5938
7.6563
7.8125
7.7813
7.8281
8.0469
8.2031
8.2344
8.375
8.5313
8.6094
8.6406
8.625
8.5625
8.4844
8.25
8.4063
8.25
8.2656
8.4375
8.375
8.5313
8.6094
8.4688
8.4063
8.3594
8.5781
8.5469
8.6875
8.625
8.4688
8.4219
8.375
8.2813
8.4219
8.5469
8.5313
8.5469
8.4688
8.5313
8.5938
8.5938
8.625
8.8438
9.0469
8.9688
8.9844
8.9844
8.8594
9.0781
9.3594
9.3125
9.4063
9.75
9.5781
9.4063
9.4063
9.6094
9.6094
9.7344
9.8125
9.8594
9.6719
9.5781
9.5625
9.5625
10.2344
10.2344
10.4219
10.125
10
9.5938
9.9844
10.3281
10.6094
10.4531
10.4688
10.6094
10.6875
10.5313
10.4375
10.3281
10.2031
10.5781
10.5469
10.625
10.4219
10.2969
10.5313
10.4688
10.6719
10.5781
10.75
10.8906
11.3438
11.8906
12.1719
11.8438
12
12.0156
11.9531
12.1563
12.6406
12.7656
12.7969
12.8906
12.2969
12.1406
12.5469
12.2188
12.3125
12.4844
12.5
12.2344
12.1719
12.2031
11.9063
11.8906
12.5156
12.4375
12.5313
12.0156
12.2031
12.4375
12.3906
12.6094
12.2188
12.0938
12.5156
12.2969
12.3438
12.4531
12.375
12.5625
12.4531
12.0938
12
11.75
11.2656
11.2969
11.7813
11.7188
11.4688
11.6719
11.5
11.8906
11.7813
11.9844
12.2969
12.25
12.0938
11.875
12.1719
12.1406
12.2969
12.2656
13.4531
13.4531
13.8281
14.3906
14.2656
14.2031
14.3594
14.8906
15.2031
15.125
15.0938
15.0313
14.6719
14.4375
14.5469
14.5938
14.7656
14.7188
14.4844
14.6406
14.4375
14.3906
14.8906
15.0469
15.0781
15.3594
15.8281
15.7344
15.7344
15.5
15.5469
15.0938
14.9063
15.0781
15.5156
15.6406
15.6094
15.875
15.875
16.2031
16.4219
16.7813
16.2813
16.1719
16.2344
16.0156
16.5156
16.3125
16.0313
15.9375
15.7969
15.625
16.0469
16.2031
16.1875
16.4219
16.3438
16.2344
16.2188
17
17.3125
18.5625
18.6875
17.5625
17
18.0156
17.6875
17.25
17.3125
17.125
17.5
17.6406
17.6719
17.5781
17.7031
17.9219
17.9375
18
17.5
17.2813
17
17.0156
17.0313
16.6094
16.7344
17.3594
17.5781
17.2344
17.1563
17.0625
16.875
16.8281
16.5156
16.5313
17.1563
17.0781
17.2813
17.1719
17.4219
17.4375
16.8906
17.1094
17.25
16.3438
17.0469
16.6563
16.5313
16.9063
16.6719
16.9375
16.5625
16.5938
16.6719
16.8125
16.5469
16.7344
16.6563
16.875
16.8906
17.0781
17.3906
17.375
17.0625
17.0938
17.0938
16.9688
16.75
16.5313
16.5781
17.3281
16.9688
16.9531
16.9219
16.1094
16.6719
16.3594
16.0781
16.25
16.7656
16.7813
16.7031
16.5156
16.4531
16.2813
16.3281
16.1563
16.4531
16.6719
16.8594
16.75
16.8906
17.1094
17.2344
16.9375
17.3906
17.7031
17.6875
17.9844
17.7813
18.0938
17.8281
17.8906
18.2656
18.0469
17.7813
17.3906
17.0938
17.0156
17.3906
16.9531
16.3594
16.0938
15.875
15.4219
14.875
15.1094
15.7969
16.2813
16.1563
16.3906
16.2969
16.3906
16.2031
16.3281
15.875
16.2031
16.5156
16.3906
16.5469
16.9219
17.2344
17.125
17.3281
17.2813
17.7344
18.1563
18.625
18.5313
18.6563
19.3594
19.4844
19.6094
19.4375
19.7656
19.6563
19.9063
19.875
19.8438
19.6875
19.2969
19.3281
19.3594
19.3906
20.4063
20.5313
21.2344
21.375
21.1875
20.8281
21.125
20.5781
20.0156
20.6875
19.9063
20.375
20.1719
20.4688
20.5938
20.5
20.0938
20.4375
20.5
20.4531
20.9688
21.2344
22.2031
22.0625
21.9531
21.9844
22.375
22.5938
22.8281
23.25
22.4844
21.8125
22.2344
22.25
22.1563
22.1094
22.8438
22.9219
23.0313
23.6563
23.7188
24.7188
23.625
23.0313
22.5781
22.4688
22.625
22.5313
22.4063
22.0156
21.9375
21.5938
20.8438
21.4375
21.0625
21.4219
21.7344
22.2344
22.3594
21.5156
21.625
21.4375
21.5938
21.3906
20.9063
21.5
21.5781
21.2031
20.9375
21.375
21.0781
21.5156
21.5625
21.4219
21.7656
21.5
21.3281
21.4375
21.4844
22.4688
22.7656
22.7969
23.6719
23.9531
25.1875
26.2344
25.3906
26.1094
26.8594
27.0938
27.3438
26.8125
26.9531
26.9844
27.4688
27.75
28.2969
29.3906
29.125
29.3438
29.3438
29.4844
29.25
28.2031
29.1875
28.25
28.4531
29.1875
28.0625
27.6719
28.3594
27.4844
27.1094
26.125
26.0781
26.7188
26.4688
26.1094
25.8594
26.2656
25.9844
26.0625
26.8281
27.8125
27.6406
28.1406
27.6563
27.5938
28.2031
28.1406
27.3125
26.3125
23.9844
25.3125
25.1406
24.8125
24.1563
25.5
25.5625
25.1875
26.0625
26.5
27.0781
27.0469
26.2344
26.3438
26.9688
27.2969
28.4063
27.5313
28.2656
27.8281
28.2188
27.5156
26.0156
26.0313
25.2969
24.4063
23.5313
22.7969
24.2188
24.9375
24.1094
25.0469
26.3594
26.2656
25.7344
25.0625
26.6094
27.5
26.5938
26.7656
26.3594
26.4219
26.4688
26.4531
26.2969
26.375
26.5938
27.3281
27.6719
28.0156
27.7656
27.1875
27.5
27.2031
27.9688
27.4375
27.9375
28.4063
29.7969
30.4219
31.0625
32.0156
30.5
32.375
31.6875
30.5313
31.8438
33.3906
32.7969
33.4063
32.8906
33.5
31.9844
32.9688
33.4375
33.5938
34.4531
35.1094
34.6094
35.8906
35.4375
35.5938
35.125
34.75
34.6719
35.25
36.625
37.8125
37.625
37.4688
36.875
35.5469
35.9531
35.4375
37.4375
38.9063
40.6563
39.5781
39.0625
40.4688
42.8906
42.1563
43.5
43.75
43.2344
41.9063
41.7031
39.7656
40
41.3125
40.0156
40.1563
40.6875
39.4375
39.0625
37.5
36.4375
36.9375
37.2031
38.8594
38.2188
38.375
37.5313
37.9375
37.1406
37.4063
38.0625
38.7344
39.75
40.4531
40.3438
40.3594
40.0469
41.4688
42.2656
41.7813
43.1094
42.7969
43.2031
41.6406
42.8125
44.9844
44.5313
46.1875
46.5
44.8125
46.3438
47.4688
47.0313
46.6563
47.2813
47.125
46.5
45.0625
42.9375
44.4375
43.3125
40.5
41.5625
41
42.4688
43
44
42
41.0625
41.0313
40.6563
39.9375
39.0313
39.5625
38.9688
39.5313
39.8438
39.9375
40.25
39.5625
38.4375
39.5625
39.3438
39.6563
39.2188
38.7813
38.625
38.125
39.25
39.1875
40.3438
39.25
39.2188
38.1875
39.7813
40.125
39.6875
41.1563
39.9375
39.0625
38.7813
38.8438
40.5
41.4375
42.5
44.4688
43.25
43
42.3125
42.4688
43.375
44
45.0938
45.5938
46
44.7813
46.1563
46.2813
46.625
47.0938
46.8125
47.4688
47.1875
49.7188
49.1875
46.6563
47.3438
45.5313
45.125
43.8125
44.4063
45
43.4688
42.9063
42.4063
42.375
42.4688
42.875
42.5625
41.9063
41.4688
42.0938
40.875
42.3438
42.1563
42.2813
42.5
41.9063
41.6875
43.2188
46.0938
47.6563
47.3125
46.625
46.125
46.2813
46.1875
45.9063
47.9375
47.125
46.125
47.0313
47.5
46.9375
47.5313
46.3125
47
48.2188
48.7813
47.3125
48.0313
45.5938
45.4688
45.7188
46.0625
44.75
45.2813
45
46.2813
45.9063
46.8438
46.875
47.4688
47.1563
46.2813
45.5313
45.3438
44.0313
43.9375
43.1563
46.125
46.5313
46.3438
46.2188
46.1875
45.4375
44.9375
46.2813
46.1875
46.2813
46
45.875
45.7813
44.9688
44.4375
43.5625
44.8125
44.5938
43.5
43.6563
42.5
42.4688
43
44.9063
44.8125
45.8438
45.5625
45.0938
45.5313
46.5938
47.4063
48.0625
47.7188
46.5
45.875
46.375
46.9375
48.3125
49.3438
54.2188
56.8438
57.625
56.375
57.9375
58.7813
58.7188
59.5625
58.75
58.9688
58.8125
58.375
58.2813
56.3125
56.9063
55
55.7188
56.125
54.6875
52.9063
53.9063
56.125
57.6563
53.5
53
51.875
50.625
51.4063
49.6875
49.375
49.125
48.9375
51.4688
50.4063
51.8125
53.2813
53.3125
54.9688
52
53
49.9688
49.8125
49.2813
48.8125
49.8125
47.5313
46.9063
47.125
47.375
45.6563
45.7813
44.6875
45.4063
46.6875
48.0625
45.3125
46.4375
47.7813
50
50.5
49
47.5625
47.6875
47.6875
49.6875
48.6875
51.375
51.625
55.9375
55.8438
52.0313
52.1563
53.5938
51.6875
53.125
45.4375
44.2813
43.1875
43
44.5313
43.0313
41.9375
39.6875
39.625
37.0625
37.9375
40.2813
39.3438
39.4688
33.3125
34.6875
34
34.9063
34.875
36.7188
34.9375
35.2813
35.2188
35.5625
34.9063
33.9063
33.0938
33.9375
34.4063
34.6875
34.75
33.8438
33.0938
32.5313
32.0938
31.5938
32.7813
30.75
30.7188
31.6875
31.2813
32.2813
33.1563
33.4375
34.8125
35.25
34.4063
34.4063
33.4375
33.9375
35.25
36.1875
36.2813
36.8438
37.4688
40.3438
39.9375
38.8438
39.75
39.4063
39.4688
38.5938
40
40
39.25
40.4688
41
39.7188
39.5625
40.1563
39.9688
39.4688
39.0938
39.25
36.5625
37.4063
36.1563
35.2813
34.5
33.9063
34.6875
34.8438
34.9063
34.3438
34.6875
35.125
34.5625
35
37.0625
37.125
36.3125
36.2188
36.0938
35.8125
35.5
35.7813
35.5
35.3125
35.625
35.375
35.5625
35.3125
35.6563
35.4688
35
34.9063
35.0938
35.0625
34.7188
35.0313
34.6563
34.4063
34.0625
34.125
32.9063
32.0938
31.5
32.5
32.125
32.0938
31.625
30.625
31.3438
30.3125
30.6563
30.1563
29.5625
28.2813
27.7188
27.6875
27.7813
27.0938
27.2813
27.875
27.1875
26.875
25.1875
25.2188
25.875
30.9375
32.5938
31.0625
30.75
30.625
32.2188
33.8438
34.5313
34.4375
34.8125
35.1563
34.125
34.75
35.25
34.7188
35.4375
33.6875
33.2188
34.4063
35.0313
34.4688
34.5313
33.5938
33.875
34.125
34.9688
35.3438
33.5
32.5313
28.6875
28.3125
28.2188
29.9375
28.3438
26.5625
27.2188
29.0313
29.1875
28.625
27.75
24.5938
23.9063
22.4063
20.75
21.7188
23.2188
23.4375
23.2188
22.2813
21.6875
21.6875
23.9688
24.2188
24.5625
24.4688
25.9063
26.4375
27.5
26.75
26.2813
26.4688
27.75
30.5
30.0625
30.2813
31.4688
30.9063
32
32.25
31.6875
30.5313
31.1875
30.4063
30.9688
31.2813
32.3438
31.125
29.5625
29.375
29.0938
29.1875
29.4063
28.6563
27.9375
28.125
27.5938
28.375
29.7813
29.6875
29.5
29.6875
28.3438
28.7188
29.7188
30.3438
29.625
28.3438
25.9688
27.0938
27
26.8438
27.2813
27.1563
26.3438
25.0313
27
28.2813
28.0313
29.125
27.7813
27.6875
27.3438
27.9063
26.6875
25.9688
28.375
28.0938
28.5781
29.8438
30.0313
31.0938
30.4063
30.75
32.7188
34.0313
34.5
34.125
33.7813
34.8438
34.5625
33.5625
33.875
35.0938
34.8906
34.2656
35.375
35.6875
36.0313
35.2031
35
34.7031
34.3594
34.1406
34.5781
34.0938
34.0469
34.4063
35.1563
34.8594
35.8594
35.4531
35.1719
34.5938
34.5938
35.1719
35.3906
36.2969
36.1875
36.8438
36.5938
36.0625
36.0469
35.3438
34.4531
34.0156
33.4375
33.6563
34.7031
34.9219
34.4219
34.4219
35.0781
35.5781
36.375
36.5
35.2969
35.2344
34.2656
33.0313
32.8438
32.25
33.25
35.7969
35.6719
35.5938
35.9063
35.2813
36.2813
34.5938
33.5469
33.1563
33.75
33.2969
32.7344
32.9063
33.0938
33.2344
33.7344
33.4531
33.0625
33.1719
32.4375
32.5156
32.7656
32.9219
32.3438
31.6094
32.3125
30.9375
31.3594
30.3906
30.3281
29.5625
31.0313
31.1563
30.375
30.125
28.4688
28.5313
28.0469
28.875
28.0156
27.7031
28.7969
26.4531
27.1563
26.9375
25.3906
24.8594
26.0156
25.6563
25.1406
24.9844
25.5938
25.9063
26.5313
28.125
28.2188
28.8594
29.0313
27.2813
27.7656
28.1563
28.1875
29.0313
29.2344
28.0156
28.375
28.9531
30.0781
30.2188
30.6563
31.2813
31.1094
29.8281
29.4375
29.0781
30.9219
30.7031
31.6406
32.3906
32.125
32.2188
32.6094
32.9063
33.9531
32.9844
33.0625
32.875
33.2813
32.7031
32.0313
32.3594
32.5781
31.875
31.4063
32.4219
32.1094
32.3906
33
34.0469
34.3281
33.9219
33.5313
33.6563
33.9844
33.1406
33.7188
34.5
34.6406
34.75
33.3906
33.7813
33.6406
33.8438
33.9219
33.9375
33.125
33.5313
34.625
34.4531
34.2813
34.6875
34.3594
34.6406
34.3125
34.2344
34.7813
33.9375
34.9375
33.0469
32.2344
31.875
32.2969
31.9063
31.9063
31.1563
31.4219
31.8594
31.3281
30.5625
30.5781
30.2031
29.9063
30.3281
30.5625
30.0781
30.9063
30.8438
30.125
29.4688
29.9531
29.0313
29
29.5469
29.2813
29.2031
29.1719
30.6875
31.6563
31.5469
31.8125
31.3594
31.9844
32.1719
31.2813
31.0469
30.6094
31.25
31.0781
31.125
30.0469
30.6875
30.2344
29.625
29.5469
29.7188
30.1563
30.1875
28.6563
28.1719
28.2344
27.9375
28.6094
27.4375
28.1563
27.4063
27.9688
27.8438
28.9063
28.3125
28.1875
28.6094
27.7969
27
26.5156
26.875
25.75
26.125
26.1406
26.375
25.6094
24.7813
24.3125
24.7344
27.4844
26.0625
25.0313
26.3438
27.4375
27.375
27.875
28.0156
27.0156
26.0938
26.8438
27.4063
26.6406
26.1563
26.0313
26.3281
25.4531
24.7188
25
25.8281
25.9531
26
26.4063
26.2813
27.7813
27.1094
27.625
27.8438
28
27.1875
27.0469
26.1406
27.0781
26.4844
27.0625
27.4688
27.3594
26.3281
25.7188
26.2344
27.4219
26.4688
26.6094
26.125
26.4531
25.9375
25.9063
25.625
26
25.5625
24.7813
23.1563
21.5156
23.125
21.4219
22.6719
24.125
24.0469
24
22.875
22.2031
22
22.8438
23.5469
24.4531
24.0625
24.2344
23.5313
24.8594
24.8906
25
26
25.5313
26.1406
26.625
26.1094
26.0469
25.4219
24.6875
25.2969
24.5469
23.5156
24.1094
22.9531
23.9063
24.3594
24.9063
24.2969
23.5781
23.9531
23.8906
23.6563
23.875
23.6094
23.7344
22.625
22.8438
23.2656
23.1094
22.625
21.875
23.125
22.8125
22.3594
21.8906
22.0313
22.5
22
23.1875
24.4375
24.6563
26.1563
25.2031
25.3906
26.5781
26.2656
25.8438
26.6094
25.625
26.3438
25.9844
26.0313
26.5625
26.7344
26.5
28.0469
28.3438
28.5156
28.0156
27.5469
26.9375
27.2656
27.6875
28.5
28.3438
27.9219
27.4219
28.3125
28.9219
29.1094
29.125
28.4531
29.0469
28.8438
28.8438
28.3594
28.2813
27.6719
27.7344
26.7656
27.0156
27.3281
27.0938
26.25
27.25
27.1875
26.7656
26.5625
26.5313
27
26.9063
26.7031
26.4844
26.375
25.8594
26.8594
26.9063
27.3906
27.9063
27.125
27.9063
27.9688
28.2031
28.4844
28.1406
27.6719
25.7344
25.6719
25.5
26.1406
24.9219
24.5938
24.4063
24.9531
24.125
23.7344
24.2813
23.6563
23.4844
23.7188
23.2969
23.6875
23.2188
23.2188
23.5
24.1563
24.9531
24.5313
24.1406
24.6094
24.0625
24.1875
23.5938
23.5781
23.7031
23.5469
23.0625
23.4375
23.2656
23.5625
22.9531
22.7969
23.3906
24.6719
24.8594
25.9375
26.0469
26.3125
26.25
26.5625
25.2969
25.4844
25.25
25.0469
24.6719
24.2031
24.3438
25.7188
25.7344
25.0938
25.1719
25.5781
24.5625
24.5938
24.2031
24.75
24.6094
24.9063
25.5
25.2031
25.7344
25.7188
25.4844
25.2031
25.7344
25.8125
25.5625
25.7031
26.125
25.8594
26.375
25.9844
25.75
26.3438
26.2031
25.9844
25.625
25.7969
25.5625
24.7969
24.625
24.0313
24.1563
24.2188
24.7969
24.4063
24.4063
24.6094
24.6406
24.875
24.875
24.0938
23.6719
23.75
24.6875
24.875
24.9844
24.6563
25.3906
25.9531
26.0625
26.0625
26.3281
25.7813
25.7031
25.2656
25.75
25.625
25.6406
26.1563
26.875
26.4531
27.4219
27.7031
27.4688
26.9063
27.3125
27.4063
27.2656
27.5156
26.6875
26.8906
26.0469
26.375
26.4531
26
26.8906
26.6094
26.4688
26.2344
26.4063
26.1719
26.1875
25.6563
25.6563
25.7031
25.5781
25.6094
25.7344
25.5938
25.625
25.5469
25.7031
26.625
26.4531
26.2344
26.2188
26.5
26.5625
26.4219
26.5156
26.5156
27.2656
28.2969
28.4375
28.375
28.8438
28.375
27.5469
27.8438
28.3438
28.3594
28.9063
28.5
29.5
29.9531
29.0625
29.5938
28.4531
28.2344
28.1875
28.8281
27.7969
28.5156
28.5
29.0781
29.1875
29.1406
28.8125
28.9375
28.9063
28.7813
28.6875
29.0625
29.2344
28.9375
29.3438
29.3438
28.8906
28.9063
26.6094
26.9063
27.2031
26.7344
26.125
26.1406
26.6875
26.0625
26.0938
26.2344
26.0938
26
25.7969
25.9844
25.6875
25.5
25.1563
25.1563
25.3438
25.0938
25.1094
25.7344
25.4063
25.4531
25.7031
25.8438
25.6563
25.6719
26.2031
25.9844
26.2344
26.375
26.5938
26.6094
26.6563
26.7344
27.0625
27.0469
27.4063
27.3594
27.1875
27.1563
27.0469
27.2031
27.4531
27.5156
27.375
27.4531
28.1406
28.2344
28.2031
28.1563
27.6563
27.5625
27.4375
27.7031
27.5469
27.8125
28.0938
28.2969
28.0156
28.4844
28.7969
28.25
27.7031
27.9063
27.6563
27.4063
27.2969
27.0156
26.9531
27.0781
26.9063
27.0156
27.1563
26.9531
26.5938
26.9844
26.7656
26.4531
26.5625
26.6094
26.875
26.7031
26.5
26.5313
26.7031
26.3906
26.375
26.375
26.3438
25.8281
25.7188
25.375
25.0938
25.375
25.1563
25.1875
25.125
24.8906
24.625
24.5
24.1563
24.4063
25.1875
25.0313
25.3125
25.2031
24.9375
25.0781
25.8438
25.9531
25.7969
25.5938
25.4844
25.6094
25.4531
25.5156
25.2188
25.1563
25.5313
25.3281
25.4531
25.9531
27.5469
27.2344
27.2188
26.5625
26.4844
26.125
26.3438
26.3281
26.2969
26.125
25.7813
25.9375
25.9375
25.9375
26.0938
25.8594
25.5469
25.8281
25.625
25.7344
25.8906
25.7656
26.0938
26.1406
26.1875
26.2344
26.1094
26.125
25.8906
25.9531
26.4375
26.5938
26.4688
26.7656
26.9063
27.4063
27.3125
27.7656
28.3438
28.3438
28.2969
28.2969
28.3906
28.5625
28.2813
28.5
28.5625
28.625
28.5625
28.0156
28.0938
27.6406
27.8594
27.8906
27.5938
28.125
27.875
27.4844
27.9531
28.3125
28.8594
29
28.0313
28.6563
28.4375
28.5781
28.4844
28.4844
28.5156
28.0625
28.0625
27.5313
27.1406
27.1875
27.7188
27.4063
26.875
27.0156
27.0938
27.0469
27.4531
27.125
27.2031
27.2344
27.2344
27.5469
27.4375
27.4531
27.2969
27.2969
27.3906
27.625
27.1094
27.3594
27.2656
27.2813
27.4844
27.25
27.4375
27.1875
27.2656
27.5156
27.5156
27.2656
27.125
27.3438
27.2969
27.1875
27.2656
27.5781
27.6563
28.25
28.125
28.375
28.5313
28.1719
27.9844
28.0625
28.0313
28.0313
27.7969
27.9844
28.4063
28.1875
28.7031
28.5625
27.7344
27.625
27.9063
28.1563
28.0156
27.9688
28.0781
28.2344
28.4688
29
29.3125
29.2813
29.7656
29.7344
29.9844
29.9688
27.3906
27.125
27.1719
27.0625
26.8594
26.6563
26.5313
26.6406
26.5938
26.7656
26.8125
27.25
27.0938
27.2344
27.3281
27.0625
27.3594
27.2344
27.0781
27.25
27.2344
27.1094
27.1563
26.9531
26.9531
27.0625
26.9688
27.0156
26.8438
26.9531
26.9063
26.7656
26.7188
26.7344
26.8438
26.7813
26.75
26.6719
26.7969
26.7344
26.7813
26.2656
26.125
26.3125
25.9844
25.8594
25.6563
25.6719
26.0156
26.0156
26.1094
26.1875
26.2813
26.3906
26.4531
26.1875
26.3125
26.1563
26.2344
26.0625
26.0625
25.9688
26.0156
25.9375
25.7969
25.6563
25.4844
25.2344
25.2031
25.375
25.25
25.1563
25.2813
25.2656
25.1719
25.1719
25.4688
25.4063
25.3125
25.4375
25.0938
25.1094
24.9063
24.625
24.5469
24.3125
24.2031
23.9844
24.1875
24.2813
24.2031
23.9219
24.1563
24.1719
24.125
24.2344
24.4688
24.6719
25.0938
24.9375
24.9688
25.3125
25.0469
24.8438
24.4531
24.6563
24.625
24.3125
25.2813
24.9844
24.9844
24.7656
24.9844
24.4531
25.2969
25.2344
25.3594
25.2031
25.2344
25.2188
25.1094
24.9063
24.9063
25
25.2969
25.4844
25.4531
25.7031
25.9219
25.7344
25.8438
25.75
25.7031
25.9063
26.0625
25.7969
25.8125
25.7969
25.4375
25.375
25.5156
25.4063
25.5156
25.4375
25.3125
25.3594
25.2656
25.0469
25.0469
25.1094
25.1563
25.0625
25.3125
25.0469
25.0469
25.0625
25.0938
24.8438
24.7031
24.9844
24.7031
24.6563
25.0938
25.2969
25.6094
25.6563
25.9688
25.7969
25.5469
26.1563
26.1875
26.4375
25.6875
25.6875
25.5469
25.7188
25.75
25.6094
25.9219
26.8125
27.25
27.3125
27.7656
27.125
27.3438
26.9531
27.2656
27.0469
27.125
26.7344
26.9531
26.8125
26.7188
26.9063
26.875
26.8125
27.0313
26.9688
27.1563
27.1875
27.375
27.2031
27.0156
27
26.8438
26.6094
26.5781
26.6094
26.4844
26.3125
26.2656
26.0625
26
25.8438
25.4844
25.3438
25.2656
25.2656
25.3438
25.6719
25.9375
25.7344
25.5
24.9844
24.6719
24.7344
24.5938
24.4531
24.4063
24.2969
24.5938
24.6719
24.5313
24.5625
25.0938
24.7969
24.7813
25.0938
25.0313
25.1094
24.8438
25.5313
25.7031
25.9531
26.4531
26.4375
26.6563
27.0156
27.0469
26.9531
27.0938
27.2813
27.3438
27.5
27.7344
27.9688
28.0625
28.1563
27.9063
27.9219
27.7656
27.75
27.6875
27.6875
27.8906
28.0156
27.8438
27.6875
27.75
27.6875
27.7031
27.4531
27.125
27.0938
26.9219
26.9063
26.8281
26.8594
26.7344
26.5938
26.6406
26.4531
26.3906
26.2656
26.1563
26.8438
26.9688
26.9844
26.9063
26.8594
27
27.2969
27.1406
27.1875
26.9844
26.8281
27.0156
26.4063
26.3438
26.2813
26.4063
26.5
27.7969
28
28.1563
28.0469
27.6875
27.5469
27.1719
26.9375
26.9063
26.6563
26.6875
26.3906
26.6563
26.875
26.8125
26.7031
26.5469
26.7188
26.6563
26.625
27.0469
26.875
27.1406
26.9688
26.9375
26.9063
27.0625
27.25
27
27.1719
27.1094
27.2344
27.3594
27.2656
27.5
27.875
27.7344
27.1563
26.8438
27.0156
27.0156
26.9063
27.0156
27.2344
27.2031
27.5625
27.6406
27.7344
27.5625
27.25
27.2969
27.125
27.2031
27.0625
26.8438
27.2188
27.0313
27.0313
27.1563
27.1094
27.1094
27.0938
27.25
24.1563
24.2969
24.0156
23.1719
23.4375
23.7969
23.7344
23.625
23.7656
23.2188
23.1719
23.1563
23.0156
22.7344
22.8281
22.5625
22.875
22.7969
23.5
23.7344
23.7188
23.1563
22.6563
22.8125
22.7656
22.5
22.125
22.0469
22.1094
21.9219
21.7031
21.5156
21.875
22.0625
22.0938
22.5469
22.5625
23.0781
22.875
22.5
22.8125
22.8594
23.1563
23.4688
23.2969
